模型: hybridsn
数据集: PaviaU
PCA 波段数: 30
Epochs: 5
=======================================================
Overall Accuracy (OA): 99.9649%
Average Accuracy (AA):  99.9749%
Kappa:                  0.9995
=======================================================

              precision    recall  f1-score   support

     Class_0     1.0000    0.9977    0.9989      1326
     Class_1     1.0000    1.0000    1.0000      3730
     Class_2     1.0000    1.0000    1.0000       420
     Class_3     0.9984    1.0000    0.9992       613
     Class_4     1.0000    1.0000    1.0000       269
     Class_5     1.0000    1.0000    1.0000      1006
     Class_6     1.0000    1.0000    1.0000       266
     Class_7     0.9973    1.0000    0.9986       737
     Class_8     1.0000    1.0000    1.0000       189

    accuracy                         0.9996      8556
   macro avg     0.9995    0.9997    0.9996      8556
weighted avg     0.9997    0.9996    0.9996      8556


混淆矩阵:
[[1323    0    0    1    0    0    0    2    0]
 [   0 3730    0    0    0    0    0    0    0]
 [   0    0  420    0    0    0    0    0    0]
 [   0    0    0  613    0    0    0    0    0]
 [   0    0    0    0  269    0    0    0    0]
 [   0    0    0    0    0 1006    0    0    0]
 [   0    0    0    0    0    0  266    0    0]
 [   0    0    0    0    0    0    0  737    0]
 [   0    0    0    0    0    0    0    0  189]]