模型: hybridsn
数据集: Houston
PCA 波段数: 20
Epochs: 100
=======================================================
Overall Accuracy (OA): 99.8028%
Average Accuracy (AA):  99.8043%
Kappa:                  0.9977
=======================================================

              precision    recall  f1-score   support

     Class_0     1.0000    1.0000    1.0000        69
     Class_1     1.0000    0.9863    0.9931        73
     Class_2     0.9865    1.0000    0.9932        73
     Class_3     1.0000    1.0000    1.0000        57
     Class_4     1.0000    1.0000    1.0000        64
     Class_5     1.0000    1.0000    1.0000        82
     Class_6     1.0000    1.0000    1.0000        89

    accuracy                         0.9980       507
   macro avg     0.9981    0.9980    0.9980       507
weighted avg     0.9981    0.9980    0.9980       507


混淆矩阵:
[[69  0  0  0  0  0  0]
 [ 0 72  1  0  0  0  0]
 [ 0  0 73  0  0  0  0]
 [ 0  0  0 57  0  0  0]
 [ 0  0  0  0 64  0  0]
 [ 0  0  0  0  0 82  0]
 [ 0  0  0  0  0  0 89]]